"species","x","y","NUMBER.OF.ANYSIZE.SITES.IN.SIGHT","COST.TIME.FROM.RIVERS","HEIGHT.AT.SITES","SOLAR.IRRADIATION.AT.SITE","X..OF.VIEWVED.AREA.IN.3KM.BUFFER","TPI.300M","TPI.3000M","CLASSIFIED.TPI"
"species",1,1,0,179.683471679688,303.339294433594,1334.99584960938,0.260025322437286,3.29751586914062,-17.9032897949219,"9"
"species",2,2,0,525.014526367188,307.488586425781,1340.16149902344,0.0983009710907936,-1.88916015625,-33.6041259765625,"7"
"species",3,3,0,525.014526367188,307.488586425781,1340.16149902344,0.0983009710907936,-1.88916015625,-33.6041259765625,"7"
"species",4,4,0,77.177619934082,326.833221435547,1243.76330566406,0.113919377326965,4.48098754882812,-30.8912048339844,"7"
"species",5,5,0,464.61181640625,408.945129394531,1458.33337402344,0.0183094125241041,-5.85125732421875,26.0865478515625,"7"
"species",6,6,1,102.200645446777,430.282501220703,1323.21008300781,0.314742505550385,1.0252685546875,-20.2405700683594,"9"
"species",7,7,0,215.309051513672,379.385314941406,1382.00866699219,0.2404495626688,-0.08905029296875,-14.6148681640625,"9"
"species",8,8,1,287.270843505859,412.351501464844,1374.2861328125,0.399746716022491,1.66470336914062,-18.8998107910156,"9"
"species",9,9,0,151.923309326172,382.434692382812,1262.96313476562,0.10162515938282,0.873443603515625,-48.3437194824219,"7"
"species",10,10,1,108.300964355469,504.700500488281,1394.04443359375,0.0101308571174741,-6.62075805664062,-16.723388671875,"9"
"species",11,11,1,74.4545669555664,504.700012207031,1388.2119140625,0.0396264232695103,-3.78195190429688,-14.8987426757812,"9"
"species",12,12,0,211.941055297852,414.234558105469,1369.42175292969,0.0186260025948286,-1.73358154296875,-6.32611083984375,"7"
"species",13,13,1,52.2278861999512,459.221130371094,1316.2705078125,0.389140993356705,14.6109313964844,11.4863891601562,"5"
"species",14,14,1,252.955657958984,438.121276855469,1375.71020507812,0.163254544138908,4.05062866210938,0.613037109375,"7"
"species",15,15,0,105.053367614746,432.044799804688,1355.57080078125,0.027965385466814,-1.15512084960938,-3.05465698242188,"9"
"species",16,16,0,153.754806518555,400.987335205078,1383.16870117188,0.0510236397385597,-1.63311767578125,-8.95849609375,"9"
"species",17,17,0,580.775085449219,325.753479003906,1342.59899902344,0.313159555196762,-0.413787841796875,-30.703369140625,"7"
"species",18,18,1,169.679046630859,357.764984130859,1357.5615234375,0.437737435102463,5.17398071289062,-5.27291870117188,"9"
"species",19,19,2,67.8284072875977,348.723846435547,1349.02758789062,0.394311934709549,6.67739868164062,-12.699462890625,"7"
"species",20,20,0,255.744552612305,414.257385253906,1394.05920410156,0.112864077091217,-0.829132080078125,-17.0017700195312,"9"
"species",21,21,0,516.698120117188,301.156707763672,1374.29431152344,0.324926137924194,5.78167724609375,-23.8736267089844,"9"
"species",22,22,1,477.901641845703,295.149658203125,1385.50573730469,0.245514988899231,1.45562744140625,-29.904296875,"9"
"species",23,23,0,80.4965438842773,343.808471679688,1335.50024414062,0.0928134247660637,2.8956298828125,-6.82354736328125,"7"
"species",24,24,0,313.616729736328,382.878204345703,1362.42443847656,0.0688581690192223,6.37020874023438,1.98553466796875,"7"
"species",25,25,1,127.679359436035,479.411560058594,1348.86279296875,0.319702416658401,1.24990844726562,-39.4507446289062,"7"
"species",26,26,1,262.179565429688,444.466827392578,1362.15063476562,0.2404495626688,6.86654663085938,-29.0942687988281,"7"
"species",27,27,0,101.773483276367,560.560363769531,1333.11413574219,0.0875897035002708,-1.3353271484375,-10.7357788085938,"7"
"species",28,28,1,213.344497680664,657.335754394531,1408.00427246094,0.482956945896149,8.240234375,-22.7942504882812,"7"
"species",29,29,0,129.733337402344,685.320861816406,1420.13537597656,0.464647531509399,4.40789794921875,-56.2019653320312,"7"
"species",30,30,0,297.363128662109,370.929718017578,1280.88098144531,0.226097509264946,8.54437255859375,3.591064453125,"7"
"species",31,31,0,722.819946289062,376.755157470703,1329.90515136719,0.100358799099922,-0.1513671875,-9.62030029296875,"7"
"species",32,32,0,282.611755371094,418.885986328125,1387.96020507812,0.497731119394302,7.42401123046875,0.871826171875,"7"
"species",33,33,0,95.336669921875,552.411376953125,1335.50805664062,0.0132439844310284,-4.48370361328125,-40.351318359375,"7"
"species",34,34,0,204.661682128906,491.250244140625,1318.83117675781,0.207418739795685,4.7718505859375,-14.7255249023438,"7"
"species",35,35,2,208.846527099609,476.260284423828,1380.56689453125,0.267359644174576,2.8829345703125,-5.46194458007812,"7"
"species",36,36,1,1247.46838378906,391.8330078125,1329.63232421875,0.278704106807709,3.43624877929688,2.347900390625,"9"
"species",37,37,0,2897.74877929688,386.770111083984,1305.63024902344,0.0531869977712631,1.85125732421875,-3.08880615234375,"7"
