"species","x","y","NUMBER.OF.ANYSIZE.SITES.IN.SIGHT","COST.TIME.FROM.RIVERS","HEIGHT.AT.SITES","SOLAR.IRRADIATION.AT.SITE","X..OF.VIEWVED.AREA.IN.3KM.BUFFER","TPI.300M","TPI.3000M","CLASSIFIED.TPI"
"species",1,1,0,179.683471679688,303.339294433594,1334.99584960938,0.260025322437286,3.29751586914062,-17.9032897949219,9
"species",2,2,0,525.014526367188,307.488586425781,1340.16149902344,0.0983009710907936,-1.88916015625,-33.6041259765625,7
"species",3,3,0,77.177619934082,326.833221435547,1243.76330566406,0.113919377326965,4.48098754882812,-30.8912048339844,7
"species",4,4,0,464.61181640625,408.945129394531,1458.33337402344,0.0183094125241041,-5.85125732421875,26.0865478515625,7
"species",5,5,0,259.271911621094,366.402221679688,1378.28845214844,0.334371030330658,3.24044799804688,-8.34173583984375,9
"species",6,6,1,102.200645446777,430.282501220703,1323.21008300781,0.314742505550385,1.0252685546875,-20.2405700683594,9
"species",7,7,0,215.309051513672,379.385314941406,1382.00866699219,0.2404495626688,-0.08905029296875,-14.6148681640625,9
"species",8,8,1,287.270843505859,412.351501464844,1374.2861328125,0.399746716022491,1.66470336914062,-18.8998107910156,9
"species",9,9,0,60.3033180236816,625.511108398438,1412.00415039062,0.480318695306778,11.3553466796875,5.8702392578125,9
"species",10,10,0,151.923309326172,382.434692382812,1262.96313476562,0.10162515938282,0.873443603515625,-48.3437194824219,7
"species",11,11,1,74.4545669555664,504.700012207031,1388.2119140625,0.0396264232695103,-3.78195190429688,-14.8987426757812,9
"species",12,12,0,50.1433410644531,441.404418945312,1349.32629394531,0.0435837917029858,-2.09494018554688,-12.3082885742188,9
"species",13,13,0,211.941055297852,414.234558105469,1369.42175292969,0.0186260025948286,-1.73358154296875,-6.32611083984375,7
"species",14,14,1,52.2278861999512,459.221130371094,1316.2705078125,0.389140993356705,14.6109313964844,11.4863891601562,5
"species",15,15,0,105.053367614746,432.044799804688,1355.57080078125,0.027965385466814,-1.15512084960938,-3.05465698242188,9
"species",16,16,0,153.754806518555,400.987335205078,1383.16870117188,0.0510236397385597,-1.63311767578125,-8.95849609375,9
"species",17,17,1,0,434.261627197266,1354.7802734375,0.0825242698192596,-0.6265869140625,-7.25485229492188,9
"species",18,18,1,27.3622570037842,439.270843505859,1364.01696777344,0.0848986878991127,-0.04425048828125,-7.56744384765625,9
"species",19,19,0,228.672698974609,330.742248535156,1375.44592285156,0.414204299449921,9.27825927734375,-25.8608093261719,7
"species",20,20,1,169.679046630859,357.764984130859,1357.5615234375,0.437737435102463,5.17398071289062,-5.27291870117188,9
"species",21,21,1,51.4594993591309,433.267395019531,1362.58618164062,0.0495462231338024,-0.62908935546875,-16.6584167480469,7
"species",22,22,0,255.744552612305,414.257385253906,1394.05920410156,0.112864077091217,-0.829132080078125,-17.0017700195312,9
"species",23,23,0,97.9456024169922,382.177124023438,1329.77282714844,0.242507383227348,7.61712646484375,-14.6856384277344,7
"species",24,24,0,72.8318786621094,308.519592285156,1364.46716308594,0.11423596739769,1.34170532226562,-38.4930419921875,9
"species",25,25,0,516.698120117188,301.156707763672,1374.29431152344,0.324926137924194,5.78167724609375,-23.8736267089844,9
"species",26,26,1,477.901641845703,295.149658203125,1385.50573730469,0.245514988899231,1.45562744140625,-29.904296875,9
"species",27,27,0,80.4965438842773,343.808471679688,1335.50024414062,0.0928134247660637,2.8956298828125,-6.82354736328125,7
"species",28,28,0,313.616729736328,382.878204345703,1362.42443847656,0.0688581690192223,6.37020874023438,1.98553466796875,7
"species",29,29,0,381.39697265625,284.853637695312,1339.10192871094,0.245567753911018,1.227783203125,-25.6174621582031,9
"species",30,30,1,127.679359436035,479.411560058594,1348.86279296875,0.319702416658401,1.24990844726562,-39.4507446289062,7
"species",31,31,1,262.179565429688,444.466827392578,1362.15063476562,0.2404495626688,6.86654663085938,-29.0942687988281,7
"species",32,32,0,101.773483276367,560.560363769531,1333.11413574219,0.0875897035002708,-1.3353271484375,-10.7357788085938,7
"species",33,33,0,202.204040527344,535.466796875,1435.92395019531,0.092602364718914,-2.0947265625,-25.2156372070312,7
"species",34,34,0,29.3080730438232,620.366577148438,1363.70825195312,0.196390882134438,1.23748779296875,-9.20245361328125,7
"species",35,35,1,213.344497680664,657.335754394531,1408.00427246094,0.482956945896149,8.240234375,-22.7942504882812,7
"species",36,36,1,188.704925537109,666.344787597656,1419.13928222656,0.475991994142532,6.78851318359375,-46.2615966796875,7
"species",37,37,0,129.733337402344,685.320861816406,1420.13537597656,0.464647531509399,4.40789794921875,-56.2019653320312,7
"species",38,38,0,166.513977050781,345.634002685547,1361.54052734375,0.153915151953697,2.8291015625,-4.16412353515625,7
"species",39,39,0,342.817779541016,398.904357910156,1379.15734863281,0.0619987323880196,-0.1834716796875,-1.290771484375,9
"species",40,40,0,297.363128662109,370.929718017578,1280.88098144531,0.226097509264946,8.54437255859375,3.591064453125,7
"species",41,41,0,722.819946289062,376.755157470703,1329.90515136719,0.100358799099922,-0.1513671875,-9.62030029296875,7
"species",42,42,0,230.961380004883,370.759674072266,1356.76171875,0.127110600471497,-0.8955078125,-10.808349609375,7
"species",43,43,0,95.336669921875,552.411376953125,1335.50805664062,0.0132439844310284,-4.48370361328125,-40.351318359375,7
"species",44,44,2,208.846527099609,476.260284423828,1380.56689453125,0.267359644174576,2.8829345703125,-5.46194458007812,7
"species",45,45,1,1247.46838378906,391.8330078125,1329.63232421875,0.278704106807709,3.43624877929688,2.347900390625,9
"species",46,46,1,1554.11462402344,393.819152832031,1369.47485351562,0.214278176426888,2.07870483398438,2.519287109375,9
"species",47,47,0,2897.74877929688,386.770111083984,1305.63024902344,0.0531869977712631,1.85125732421875,-3.08880615234375,7
