"species","x","y","NUMBER.OF.ANYSIZE.SITES.IN.SIGHT","COST.TIME.FROM.RIVERS","HEIGHT.AT.SITES","SOLAR.IRRADIATION.AT.SITE","X..OF.VIEWVED.AREA.IN.3KM.BUFFER","TPI.300M","TPI.3000M","CLASSIFIED.TPI"
"species",1,1,0,179.683471679688,303.339294433594,1334.99584960938,0.260025322437286,3.29751586914062,-17.9032897949219,9
"species",2,2,0,525.014526367188,307.488586425781,1340.16149902344,0.0983009710907936,-1.88916015625,-33.6041259765625,7
"species",3,3,0,525.014526367188,307.488586425781,1340.16149902344,0.0983009710907936,-1.88916015625,-33.6041259765625,7
"species",4,4,0,77.177619934082,326.833221435547,1243.76330566406,0.113919377326965,4.48098754882812,-30.8912048339844,7
"species",5,5,0,259.271911621094,366.402221679688,1378.28845214844,0.334371030330658,3.24044799804688,-8.34173583984375,9
"species",6,6,0,301.800933837891,361.417907714844,1348.65747070312,0.488866597414017,6.35440063476562,-1.81787109375,7
"species",7,7,1,102.200645446777,430.282501220703,1323.21008300781,0.314742505550385,1.0252685546875,-20.2405700683594,9
"species",8,8,0,215.309051513672,379.385314941406,1382.00866699219,0.2404495626688,-0.08905029296875,-14.6148681640625,9
"species",9,9,1,287.270843505859,412.351501464844,1374.2861328125,0.399746716022491,1.66470336914062,-18.8998107910156,9
"species",10,10,0,60.3033180236816,625.511108398438,1412.00415039062,0.480318695306778,11.3553466796875,5.8702392578125,9
"species",11,11,0,151.923309326172,382.434692382812,1262.96313476562,0.10162515938282,0.873443603515625,-48.3437194824219,7
"species",12,12,1,108.300964355469,504.700500488281,1394.04443359375,0.0101308571174741,-6.62075805664062,-16.723388671875,9
"species",13,13,1,74.4545669555664,504.700012207031,1388.2119140625,0.0396264232695103,-3.78195190429688,-14.8987426757812,9
"species",14,14,0,50.1433410644531,441.404418945312,1349.32629394531,0.0435837917029858,-2.09494018554688,-12.3082885742188,9
"species",15,15,0,211.941055297852,414.234558105469,1369.42175292969,0.0186260025948286,-1.73358154296875,-6.32611083984375,7
"species",16,16,1,52.2278861999512,459.221130371094,1316.2705078125,0.389140993356705,14.6109313964844,11.4863891601562,5
"species",17,17,1,252.955657958984,438.121276855469,1375.71020507812,0.163254544138908,4.05062866210938,0.613037109375,7
"species",18,18,0,105.053367614746,432.044799804688,1355.57080078125,0.027965385466814,-1.15512084960938,-3.05465698242188,9
"species",19,19,0,153.754806518555,400.987335205078,1383.16870117188,0.0510236397385597,-1.63311767578125,-8.95849609375,9
"species",20,20,1,0,434.261627197266,1354.7802734375,0.0825242698192596,-0.6265869140625,-7.25485229492188,9
"species",21,21,1,27.3622570037842,439.270843505859,1364.01696777344,0.0848986878991127,-0.04425048828125,-7.56744384765625,9
"species",22,22,0,580.775085449219,325.753479003906,1342.59899902344,0.313159555196762,-0.413787841796875,-30.703369140625,7
"species",23,23,2,67.8284072875977,348.723846435547,1349.02758789062,0.394311934709549,6.67739868164062,-12.699462890625,7
"species",24,24,1,68.4789657592773,350.712158203125,1374.17956542969,0.255170971155167,3.61990356445312,-15.1494140625,7
"species",25,25,1,51.4594993591309,433.267395019531,1362.58618164062,0.0495462231338024,-0.62908935546875,-16.6584167480469,7
"species",26,26,0,97.9456024169922,382.177124023438,1329.77282714844,0.242507383227348,7.61712646484375,-14.6856384277344,7
"species",27,27,0,72.8318786621094,308.519592285156,1364.46716308594,0.11423596739769,1.34170532226562,-38.4930419921875,9
"species",28,28,1,477.901641845703,295.149658203125,1385.50573730469,0.245514988899231,1.45562744140625,-29.904296875,9
"species",29,29,0,80.4965438842773,343.808471679688,1335.50024414062,0.0928134247660637,2.8956298828125,-6.82354736328125,7
"species",30,30,0,313.616729736328,382.878204345703,1362.42443847656,0.0688581690192223,6.37020874023438,1.98553466796875,7
"species",31,31,0,381.39697265625,284.853637695312,1339.10192871094,0.245567753911018,1.227783203125,-25.6174621582031,9
"species",32,32,1,127.679359436035,479.411560058594,1348.86279296875,0.319702416658401,1.24990844726562,-39.4507446289062,7
"species",33,33,0,56.2928695678711,479.505889892578,1439.63537597656,0.0961903780698776,3.78802490234375,-38.4576110839844,7
"species",34,34,0,91.4890518188477,638.50390625,1330.21484375,0.470926553010941,12.4113159179688,-27.0966186523438,5
"species",35,35,0,29.3080730438232,620.366577148438,1363.70825195312,0.196390882134438,1.23748779296875,-9.20245361328125,7
"species",36,36,1,188.704925537109,666.344787597656,1419.13928222656,0.475991994142532,6.78851318359375,-46.2615966796875,7
"species",37,37,0,107.522987365723,475.807525634766,1378.21459960938,0.064162090420723,-1.86383056640625,-6.925048828125,9
"species",38,38,0,297.363128662109,370.929718017578,1280.88098144531,0.226097509264946,8.54437255859375,3.591064453125,7
"species",39,39,0,142.160003662109,481.035034179688,1377.88342285156,0.150854796171188,2.46823120117188,-0.8665771484375,7
"species",40,40,0,722.819946289062,376.755157470703,1329.90515136719,0.100358799099922,-0.1513671875,-9.62030029296875,7
"species",41,41,0,230.961380004883,370.759674072266,1356.76171875,0.127110600471497,-0.8955078125,-10.808349609375,7
"species",42,42,0,282.611755371094,418.885986328125,1387.96020507812,0.497731119394302,7.42401123046875,0.871826171875,7
"species",43,43,0,95.336669921875,552.411376953125,1335.50805664062,0.0132439844310284,-4.48370361328125,-40.351318359375,7
"species",44,44,0,204.661682128906,491.250244140625,1318.83117675781,0.207418739795685,4.7718505859375,-14.7255249023438,7
"species",45,45,2,208.846527099609,476.260284423828,1380.56689453125,0.267359644174576,2.8829345703125,-5.46194458007812,7
"species",46,46,1,1247.46838378906,391.8330078125,1329.63232421875,0.278704106807709,3.43624877929688,2.347900390625,9
"species",47,47,0,2897.74877929688,386.770111083984,1305.63024902344,0.0531869977712631,1.85125732421875,-3.08880615234375,7
